0 1.0
1 0.989340591837
2 0.983367755102
3 0.978713918367
4 0.975123795918
5 0.971728734694
6 0.96588055102
7 0.962169428571
8 0.957680673469
9 0.953277755102
10 0.948890816327
11 0.944798387755
12 0.941550469388
13 0.936881693878
14 0.93021355102
15 0.925714755102
16 0.922111612245
17 0.915727918367
18 0.911373265306
19 0.903846612245
20 0.897945326531
21 0.895963734694
22 0.886170244898
23 0.882890142857
24 0.875385
25 0.871389708333
26 0.868146604167
27 0.861973702128
28 0.856768808511
29 0.851885255319
30 0.848170510638
31 0.844847108696
32 0.8387582
33 0.835424222222
34 0.830420111111
35 0.820300863636
36 0.816138181818
37 0.818411428571
38 0.813328547619
39 0.806761658537
40 0.809706815789
41 0.803724444444
42 0.807062685714
43 0.800802117647
44 0.790471382353
45 0.794049727273
46 0.790331181818
47 0.800769935484
48 0.8110515
49 0.811917407407
