0 1.0
1 0.984038204082
2 0.972881816327
3 0.964201387755
4 0.958318959184
5 0.952181285714
6 0.94745
7 0.94356255102
8 0.940261265306
9 0.938482734694
10 0.935812673469
11 0.934155265306
12 0.932524571429
13 0.929279918367
14 0.925621938776
15 0.923600897959
16 0.92311577551
17 0.918372102041
18 0.91744655102
19 0.917439693878
20 0.912829959184
21 0.912710755102
22 0.907729612245
23 0.905999367347
24 0.900897979592
25 0.8992983125
26 0.898180041667
27 0.893768425532
28 0.890276659574
29 0.888316957447
30 0.884905893617
31 0.889205369565
32 0.878543911111
33 0.877006111111
34 0.872894711111
35 0.868784704545
36 0.866235681818
37 0.87218202381
38 0.869341404762
39 0.859450121951
40 0.867718078947
41 0.873636638889
42 0.8753144
43 0.865155088235
44 0.8656425
45 0.862839606061
46 0.859332242424
47 0.870156709677
48 0.878212857143
49 0.88103537037
