0 1.0
1 0.985974591837
2 0.978381265306
3 0.974053
4 0.971611204082
5 0.970348183673
6 0.966493306122
7 0.963123714286
8 0.959909918367
9 0.95718677551
10 0.954791244898
11 0.951440571429
12 0.949288489796
13 0.944421877551
14 0.941385857143
15 0.939073918367
16 0.936669244898
17 0.932622959184
18 0.93182122449
19 0.923881142857
20 0.918042857143
21 0.915698204082
22 0.905959244898
23 0.903988346939
24 0.900126816327
25 0.89731675
26 0.895777645833
27 0.89095487234
28 0.889593276596
29 0.888637829787
30 0.887310680851
31 0.885774369565
32 0.878154555556
33 0.877567866667
34 0.870963977778
35 0.864968795455
36 0.863532909091
37 0.86789102381
38 0.862541452381
39 0.853989926829
40 0.859108473684
41 0.863267861111
42 0.868473457143
43 0.865978617647
44 0.859122294118
45 0.853918242424
46 0.85152230303
47 0.867108516129
48 0.874882214286
49 0.878987407407
