0 1.0
1 0.984880122449
2 0.975471938776
3 0.969394061224
4 0.966133632653
5 0.962967510204
6 0.958844734694
7 0.956581469388
8 0.952852612245
9 0.952123
10 0.951044857143
11 0.948431265306
12 0.947571183673
13 0.944154612245
14 0.940757653061
15 0.936630265306
16 0.934795510204
17 0.931679734694
18 0.929502183673
19 0.927010979592
20 0.922587102041
21 0.921857367347
22 0.915233020408
23 0.910631877551
24 0.904854714286
25 0.903115
26 0.902167416667
27 0.898910893617
28 0.894530191489
29 0.890682361702
30 0.88845593617
31 0.890258021739
32 0.883257377778
33 0.882113044444
34 0.873565488889
35 0.869079931818
36 0.867898068182
37 0.867138880952
38 0.865515619048
39 0.858610878049
40 0.872011131579
41 0.875203666667
42 0.874472514286
43 0.869179205882
44 0.865582852941
45 0.866157939394
46 0.862382181818
47 0.873419612903
48 0.872521607143
49 0.880620222222
