0 1.0
1 0.984291530612
2 0.974015081633
3 0.966469653061
4 0.961458693878
5 0.955917612245
6 0.951485530612
7 0.948739591837
8 0.945957020408
9 0.943566510204
10 0.942265102041
11 0.940366
12 0.937755816327
13 0.935941428571
14 0.932009163265
15 0.929343020408
16 0.92875522449
17 0.923931673469
18 0.921446877551
19 0.921082061224
20 0.916654122449
21 0.916090632653
22 0.910566714286
23 0.908531938776
24 0.906434346939
25 0.903962125
26 0.902954520833
27 0.898722702128
28 0.892968723404
29 0.890131170213
30 0.887956595745
31 0.889064217391
32 0.881730088889
33 0.878075288889
34 0.874432688889
35 0.868528454545
36 0.861789931818
37 0.868824619048
38 0.86182002381
39 0.851430170732
40 0.865232789474
41 0.870038833333
42 0.872142114286
43 0.860230382353
44 0.858809323529
45 0.861486909091
46 0.862406606061
47 0.871706290323
48 0.884173785714
49 0.891963518519
